Opening,Below1500,1500-2000,Above2000,Total
Van't Kruijs Opening,11894,14048,791,26733
Modern Defense,5298,15551,1114,21963
Scandinavian Defense: Mieses-Kotroc Variation,7292,12345,408,20045
Horwitz Defense,6286,12550,443,19279
Owen Defense,5879,12841,549,19269
French Defense: Knight Variation,6121,11621,298,18040
Sicilian Defense,5739,11102,436,17277
Caro-Kann Defense,3824,12307,911,17042
Sicilian Defense: Bowdler Attack,5026,10136,112,15274
Scandinavian Defense,6315,7919,498,14732
